{
  "nbformat": 4,
  "nbformat_minor": 0,
  "metadata": {
    "colab": {
      "name": "Untitled17.ipynb",
      "provenance": []
    },
    "kernelspec": {
      "name": "python3",
      "display_name": "Python 3"
    },
    "language_info": {
      "name": "python"
    }
  },
  "cells": [
    {
      "cell_type": "code",
      "execution_count": 1,
      "metadata": {
        "id": "lj109MWyXJDi"
      },
      "outputs": [],
      "source": [
        "import numpy as np\n"
      ]
    },
    {
      "cell_type": "markdown",
      "source": [
        "Câu 1: Sử dụng thư viện Numpy, hãy tạo một vector a có 7 chiều (tương ứng 7 phần tử) với giá trị các phần tử được sinh bằng hàm (kết quả xuất ra màn hình):\n",
        "\n",
        "np.arrange()\n",
        "np.linspace()\n",
        "np.logspace()\n",
        "Ghi chú: sau mỗi lần sinh ra giá trị cho vector, hãy cho biết số chiều của vector được sinh ra và số chiều của vector chuyển vị của vector đó; cho biết kích thước của vector a và vector chuyển vị của vector a.\n",
        "\n",
        "Gợi ý: tham khảo ndim và shape."
      ],
      "metadata": {
        "id": "Iv5JOzLvXKUM"
      }
    },
    {
      "cell_type": "code",
      "source": [
        "a = np.arange(0, 7, 1)\n",
        "print(a)\n",
        "print(a.ndim)\n",
        "print(a.shape)"
      ],
      "metadata": {
        "colab": {
          "base_uri": "https://localhost:8080/"
        },
        "id": "5d_S9qroXRqK",
        "outputId": "42cc8a92-aba5-430e-af41-cb0096b70f4f"
      },
      "execution_count": 2,
      "outputs": [
        {
          "output_type": "stream",
          "name": "stdout",
          "text": [
            "[0 1 2 3 4 5 6]\n",
            "1\n",
            "(7,)\n"
          ]
        }
      ]
    },
    {
      "cell_type": "code",
      "source": [
        "b = np.linspace(0, 10, 7)\n",
        "print(b)\n",
        "print(b.ndim)\n",
        "print(b.shape)\n"
      ],
      "metadata": {
        "colab": {
          "base_uri": "https://localhost:8080/"
        },
        "id": "KyIsdhqMXa66",
        "outputId": "899deb66-fe94-4701-d796-e915c973ab92"
      },
      "execution_count": 3,
      "outputs": [
        {
          "output_type": "stream",
          "name": "stdout",
          "text": [
            "[ 0.          1.66666667  3.33333333  5.          6.66666667  8.33333333\n",
            " 10.        ]\n",
            "1\n",
            "(7,)\n"
          ]
        }
      ]
    },
    {
      "cell_type": "code",
      "source": [
        "c = np.logspace(2, 3, 7)\n",
        "print(c)\n",
        "print(c.ndim)\n",
        "print(c.shape)"
      ],
      "metadata": {
        "colab": {
          "base_uri": "https://localhost:8080/"
        },
        "id": "iFKr5sX_XrYV",
        "outputId": "9caab310-f835-41ae-cd96-f28c9801ec1d"
      },
      "execution_count": 4,
      "outputs": [
        {
          "output_type": "stream",
          "name": "stdout",
          "text": [
            "[ 100.          146.77992676  215.443469    316.22776602  464.15888336\n",
            "  681.29206906 1000.        ]\n",
            "1\n",
            "(7,)\n"
          ]
        }
      ]
    },
    {
      "cell_type": "markdown",
      "source": [
        "Câu 2: Sử dụng thư viện Numpy, hãy tạo ra ma trận A10x7 với giá trị các phần tử của ma trận A được sinh bởi:\n",
        "\n",
        "np.arrange()\n",
        "np.linspace()\n",
        "np.logspace()"
      ],
      "metadata": {
        "id": "uPEHlN--XzZ1"
      }
    },
    {
      "cell_type": "code",
      "source": [
        "A = np.arange(1, 11).reshape(-1, 1) * np.arange(1, 8)\n",
        "\n",
        "print(A)\n",
        "print(A.size)\n",
        "print(A.ndim)\n",
        "print(A.shape)\n",
        "\n",
        "print(A.T)\n",
        "print(A.T.size)\n",
        "print(A.T.ndim)\n",
        "print(A.T.shape)"
      ],
      "metadata": {
        "colab": {
          "base_uri": "https://localhost:8080/"
        },
        "id": "53vPPW5sX1or",
        "outputId": "e43e5f72-042a-40dd-e894-ea17a375d0b5"
      },
      "execution_count": 5,
      "outputs": [
        {
          "output_type": "stream",
          "name": "stdout",
          "text": [
            "[[ 1  2  3  4  5  6  7]\n",
            " [ 2  4  6  8 10 12 14]\n",
            " [ 3  6  9 12 15 18 21]\n",
            " [ 4  8 12 16 20 24 28]\n",
            " [ 5 10 15 20 25 30 35]\n",
            " [ 6 12 18 24 30 36 42]\n",
            " [ 7 14 21 28 35 42 49]\n",
            " [ 8 16 24 32 40 48 56]\n",
            " [ 9 18 27 36 45 54 63]\n",
            " [10 20 30 40 50 60 70]]\n",
            "70\n",
            "2\n",
            "(10, 7)\n",
            "[[ 1  2  3  4  5  6  7  8  9 10]\n",
            " [ 2  4  6  8 10 12 14 16 18 20]\n",
            " [ 3  6  9 12 15 18 21 24 27 30]\n",
            " [ 4  8 12 16 20 24 28 32 36 40]\n",
            " [ 5 10 15 20 25 30 35 40 45 50]\n",
            " [ 6 12 18 24 30 36 42 48 54 60]\n",
            " [ 7 14 21 28 35 42 49 56 63 70]]\n",
            "70\n",
            "2\n",
            "(7, 10)\n"
          ]
        }
      ]
    },
    {
      "cell_type": "code",
      "source": [
        "A = np.logspace(1, 2, 10).reshape(-1, 1) * np.logspace(1, 2, 7)\n",
        "\n",
        "print(A)\n",
        "print(A.size)\n",
        "print(A.ndim)\n",
        "print(A.shape)\n",
        "\n",
        "print(A.T)\n",
        "print(A.T.size)\n",
        "print(A.T.ndim)\n",
        "print(A.T.shape)"
      ],
      "metadata": {
        "colab": {
          "base_uri": "https://localhost:8080/"
        },
        "id": "PAh21406X7Ko",
        "outputId": "9e4ff0e4-9194-4f29-8524-6788869645aa"
      },
      "execution_count": 6,
      "outputs": [
        {
          "output_type": "stream",
          "name": "stdout",
          "text": [
            "[[  100.           146.77992676   215.443469     316.22776602\n",
            "    464.15888336   681.29206906  1000.        ]\n",
            " [  129.1549665    189.57356524   278.25594022   408.42386527\n",
            "    599.48425032   879.92254357  1291.54966501]\n",
            " [  166.81005372   244.84367468   359.38136638   527.49970637\n",
            "    774.26368268  1136.46366639  1668.1005372 ]\n",
            " [  215.443469     316.22776602   464.15888336   681.29206906\n",
            "   1000.          1467.79926762  2154.43469003]\n",
            " [  278.25594022   408.42386527   599.48425032   879.92254357\n",
            "   1291.54966501  1895.73565241  2782.55940221]\n",
            " [  359.38136638   527.49970637   774.26368268  1136.46366639\n",
            "   1668.1005372   2448.43674682  3593.8136638 ]\n",
            " [  464.15888336   681.29206906  1000.          1467.79926762\n",
            "   2154.43469003  3162.27766017  4641.58883361]\n",
            " [  599.48425032   879.92254357  1291.54966501  1895.73565241\n",
            "   2782.55940221  4084.23865267  5994.84250319]\n",
            " [  774.26368268  1136.46366639  1668.1005372   2448.43674682\n",
            "   3593.8136638   5274.9970637   7742.63682681]\n",
            " [ 1000.          1467.79926762  2154.43469003  3162.27766017\n",
            "   4641.58883361  6812.92069058 10000.        ]]\n",
            "70\n",
            "2\n",
            "(10, 7)\n",
            "[[  100.           129.1549665    166.81005372   215.443469\n",
            "    278.25594022   359.38136638   464.15888336   599.48425032\n",
            "    774.26368268  1000.        ]\n",
            " [  146.77992676   189.57356524   244.84367468   316.22776602\n",
            "    408.42386527   527.49970637   681.29206906   879.92254357\n",
            "   1136.46366639  1467.79926762]\n",
            " [  215.443469     278.25594022   359.38136638   464.15888336\n",
            "    599.48425032   774.26368268  1000.          1291.54966501\n",
            "   1668.1005372   2154.43469003]\n",
            " [  316.22776602   408.42386527   527.49970637   681.29206906\n",
            "    879.92254357  1136.46366639  1467.79926762  1895.73565241\n",
            "   2448.43674682  3162.27766017]\n",
            " [  464.15888336   599.48425032   774.26368268  1000.\n",
            "   1291.54966501  1668.1005372   2154.43469003  2782.55940221\n",
            "   3593.8136638   4641.58883361]\n",
            " [  681.29206906   879.92254357  1136.46366639  1467.79926762\n",
            "   1895.73565241  2448.43674682  3162.27766017  4084.23865267\n",
            "   5274.9970637   6812.92069058]\n",
            " [ 1000.          1291.54966501  1668.1005372   2154.43469003\n",
            "   2782.55940221  3593.8136638   4641.58883361  5994.84250319\n",
            "   7742.63682681 10000.        ]]\n",
            "70\n",
            "2\n",
            "(7, 10)\n"
          ]
        }
      ]
    },
    {
      "cell_type": "markdown",
      "source": [
        "Câu 3: Sử dụng thư viện Numpy, hãy:\n",
        "\n",
        "Chuyển ma trận A ở câu 2 thành vector. (Gợi ý: sử dụng hàm flatten())\n",
        "Chuyển vector vừa được tạo ra ở câu trên thành ma trận. (Gợi ý: sử dụng hàm reshape())"
      ],
      "metadata": {
        "id": "qWtXKF6xYIKD"
      }
    },
    {
      "cell_type": "code",
      "source": [
        "A_ = A.flatten()\n",
        "print(A_)\n",
        "A__ = np.reshape(A_, (10, 7))\n",
        "print(A__)"
      ],
      "metadata": {
        "colab": {
          "base_uri": "https://localhost:8080/"
        },
        "id": "_dNaWX9OYJMg",
        "outputId": "b432861f-8845-42aa-b44d-ae58f73ed54d"
      },
      "execution_count": 7,
      "outputs": [
        {
          "output_type": "stream",
          "name": "stdout",
          "text": [
            "[  100.           146.77992676   215.443469     316.22776602\n",
            "   464.15888336   681.29206906  1000.           129.1549665\n",
            "   189.57356524   278.25594022   408.42386527   599.48425032\n",
            "   879.92254357  1291.54966501   166.81005372   244.84367468\n",
            "   359.38136638   527.49970637   774.26368268  1136.46366639\n",
            "  1668.1005372    215.443469     316.22776602   464.15888336\n",
            "   681.29206906  1000.          1467.79926762  2154.43469003\n",
            "   278.25594022   408.42386527   599.48425032   879.92254357\n",
            "  1291.54966501  1895.73565241  2782.55940221   359.38136638\n",
            "   527.49970637   774.26368268  1136.46366639  1668.1005372\n",
            "  2448.43674682  3593.8136638    464.15888336   681.29206906\n",
            "  1000.          1467.79926762  2154.43469003  3162.27766017\n",
            "  4641.58883361   599.48425032   879.92254357  1291.54966501\n",
            "  1895.73565241  2782.55940221  4084.23865267  5994.84250319\n",
            "   774.26368268  1136.46366639  1668.1005372   2448.43674682\n",
            "  3593.8136638   5274.9970637   7742.63682681  1000.\n",
            "  1467.79926762  2154.43469003  3162.27766017  4641.58883361\n",
            "  6812.92069058 10000.        ]\n",
            "[[  100.           146.77992676   215.443469     316.22776602\n",
            "    464.15888336   681.29206906  1000.        ]\n",
            " [  129.1549665    189.57356524   278.25594022   408.42386527\n",
            "    599.48425032   879.92254357  1291.54966501]\n",
            " [  166.81005372   244.84367468   359.38136638   527.49970637\n",
            "    774.26368268  1136.46366639  1668.1005372 ]\n",
            " [  215.443469     316.22776602   464.15888336   681.29206906\n",
            "   1000.          1467.79926762  2154.43469003]\n",
            " [  278.25594022   408.42386527   599.48425032   879.92254357\n",
            "   1291.54966501  1895.73565241  2782.55940221]\n",
            " [  359.38136638   527.49970637   774.26368268  1136.46366639\n",
            "   1668.1005372   2448.43674682  3593.8136638 ]\n",
            " [  464.15888336   681.29206906  1000.          1467.79926762\n",
            "   2154.43469003  3162.27766017  4641.58883361]\n",
            " [  599.48425032   879.92254357  1291.54966501  1895.73565241\n",
            "   2782.55940221  4084.23865267  5994.84250319]\n",
            " [  774.26368268  1136.46366639  1668.1005372   2448.43674682\n",
            "   3593.8136638   5274.9970637   7742.63682681]\n",
            " [ 1000.          1467.79926762  2154.43469003  3162.27766017\n",
            "   4641.58883361  6812.92069058 10000.        ]]\n"
          ]
        }
      ]
    },
    {
      "cell_type": "markdown",
      "source": [
        "Câu 4: Sử dụng thư viện Numpy, hãy:\n",
        "\n",
        "Tạo ra 1 ma trận A10x15 với các giá trị được sinh ra bởi hàm logspace();\n",
        "Hãy trích rút dòng thứ 3 của ma trận A (tương ứng với 1 vector hàng);\n",
        "Hãy trích rút ra cột thứ 5 của ma trận A (tương ứng với 1 vector cột)."
      ],
      "metadata": {
        "id": "6LD0VJ2SYMTm"
      }
    },
    {
      "cell_type": "code",
      "source": [
        "A = np.logspace(1, 2, 10).reshape(-1, 1) * np.logspace(1, 2, 15)\n",
        "print(A)\n",
        "print(A[3])\n",
        "A[:, 4]"
      ],
      "metadata": {
        "colab": {
          "base_uri": "https://localhost:8080/"
        },
        "id": "XpqMZCDyYQ8N",
        "outputId": "17ac874d-3719-4523-ba29-c8b90bbb5cef"
      },
      "execution_count": 8,
      "outputs": [
        {
          "output_type": "stream",
          "name": "stdout",
          "text": [
            "[[  100.           117.87686348   138.94954944   163.7893707\n",
            "    193.06977289   227.58459261   268.26957953   316.22776602\n",
            "    372.75937203   439.39705608   517.94746792   610.54022966\n",
            "    719.685673     848.34289824  1000.        ]\n",
            " [  129.1549665    152.24382354   179.46024403   211.54210685\n",
            "    249.3592005    293.93680434   346.48348557   408.42386527\n",
            "    481.43724208   567.50312058   668.95487869   788.54302909\n",
            "    929.50978988  1095.67698604  1291.54966501]\n",
            " [  166.81005372   196.63045929   231.78181806   273.21713724\n",
            "    322.05979187   379.63398119   447.50062973   527.49970637\n",
            "    621.80010873   732.95846528   863.98844948  1018.44248508\n",
            "   1200.50805775  1415.12124429  1668.1005372 ]\n",
            " [  215.443469     253.95800383   299.35772947   352.87350208\n",
            "    415.95621631   490.31614123   577.96928842   681.29206906\n",
            "    803.08572214   946.65226031  1115.88399251  1315.36905044\n",
            "   1550.51577983  1827.69936902  2154.43469003]\n",
            " [  278.25594022   327.99937478   386.63537522   455.75365341\n",
            "    537.22811183   633.26764796   746.47604084   879.92254357\n",
            "   1037.22509541  1222.64840969  1441.21959672  1698.86445646\n",
            "   2002.56813604  2360.5645078   2782.55940221]\n",
            " [  359.38136638   423.62748262   499.35878935   588.62847839\n",
            "    693.85678787   817.89661858   964.11088049  1136.46366639\n",
            "   1339.62772452  1579.11114396  1861.40668736  2194.16781965\n",
            "   2586.41620528  3048.7862993   3593.8136638 ]\n",
            " [  464.15888336   547.13593327   644.9466771    760.24291408\n",
            "    896.15050195  1056.35410375  1245.19708474  1467.79926762\n",
            "   1730.19573885  2039.50046901  2404.09918351  2833.87671245\n",
            "   3340.48498351  3937.65892356  4641.58883361]\n",
            " [  599.48425032   706.65323133   832.98066477   981.89148102\n",
            "   1157.42288059  1364.33378883  1608.23387767  1895.73565241\n",
            "   2234.63372692  2634.11614754  3105.01349512  3660.09251866\n",
            "   4314.40226144  5085.68206367  5994.84250319]\n",
            " [  774.26368268   912.6777442   1075.83589854  1268.16161339\n",
            "   1494.86913371  1762.10484794  2077.11392597  2448.43674682\n",
            "   2886.14044143  3402.09182797  4010.2791395   4727.1912664\n",
            "   5572.26479551  6568.41096571  7742.63682681]\n",
            " [ 1000.          1178.76863479  1389.49549437  1637.89370695\n",
            "   1930.69772888  2275.84592607  2682.69579528  3162.27766017\n",
            "   3727.59372031  4393.97056076  5179.47467923  6105.40229659\n",
            "   7196.85673001  8483.42898244 10000.        ]]\n",
            "[ 215.443469    253.95800383  299.35772947  352.87350208  415.95621631\n",
            "  490.31614123  577.96928842  681.29206906  803.08572214  946.65226031\n",
            " 1115.88399251 1315.36905044 1550.51577983 1827.69936902 2154.43469003]\n"
          ]
        },
        {
          "output_type": "execute_result",
          "data": {
            "text/plain": [
              "array([ 193.06977289,  249.3592005 ,  322.05979187,  415.95621631,\n",
              "        537.22811183,  693.85678787,  896.15050195, 1157.42288059,\n",
              "       1494.86913371, 1930.69772888])"
            ]
          },
          "metadata": {},
          "execution_count": 8
        }
      ]
    },
    {
      "cell_type": "markdown",
      "source": [
        "Câu 5: Thực hiện các yêu cầu sau:\n",
        "\n",
        "Xây dựng hàm tính giá trị trung bình\n",
        "Xây dựng hàm tính giá trị trung vị\n",
        "Xây dựng hàm tính giá trị yếu vị\n",
        "Xây dựng hàm tính phương sai\n",
        "Xây dựng hàm tính độ lệch chuẩn\n",
        "Hãy tạo ra ma trận A15x10 với các giá trị sinh bởi hàm arrange()\n",
        "Áp dụng 5 hàm ở trên cho từng hàng của ma trận A\n",
        "Áp dụng 5 hàm ở trên cho từng cột của ma trận A Gợi ý: tham khảo hàm apply_along_axis() đã học ở bài trước."
      ],
      "metadata": {
        "id": "5m6QFTXHYba8"
      }
    },
    {
      "cell_type": "code",
      "source": [
        "def mean(X):\n",
        "    s = 0\n",
        "    for i in range(X):\n",
        "      s += i\n",
        "    return s / len(X)"
      ],
      "metadata": {
        "id": "pJvXPUqDYcNl"
      },
      "execution_count": null,
      "outputs": []
    },
    {
      "cell_type": "code",
      "source": [
        "def mean(X):\n",
        "    s = 0\n",
        "    for i in range(X):\n",
        "      s += i\n",
        "    return s / len(X)"
      ],
      "metadata": {
        "id": "jSW1rDLgYgu7"
      },
      "execution_count": null,
      "outputs": []
    },
    {
      "cell_type": "code",
      "source": [
        "def median(X, axis):\n",
        "    np.sort(X, axis)\n",
        "    a = len(X) / 2\n",
        "    if len(X) % 2 == 0:\n",
        "      medium = ( X[a] + X [a + 1] ) /2\n",
        "      return medium\n",
        "    else:\n",
        "      medium = X[a]\n",
        "      return medium"
      ],
      "metadata": {
        "id": "H4N-qACQYnqz"
      },
      "execution_count": null,
      "outputs": []
    },
    {
      "cell_type": "code",
      "source": [
        "def count(X):\n",
        "    max = 0\n",
        "    dem = 1\n",
        "    np.sort(X)\n",
        "    # 1 1 2 3 4 4 4 5\n",
        "    for i in range(len(X)):\n",
        "      if X[i] == X[i+1]:\n",
        "        dem += 1\n",
        "        if dem > max:\n",
        "          max = dem\n",
        "          appear = X[i]\n",
        "      else:\n",
        "        dem = 1\n",
        "    return max, appear"
      ],
      "metadata": {
        "id": "3ntcHCzEYo5y"
      },
      "execution_count": null,
      "outputs": []
    }
  ]
}